106
313.000000 539.000000
312.000000 580.000000
312.000000 621.000000
316.000000 661.000000
327.997480 695.704243
337.154746 733.301040
351.374512 774.380364
365.594278 805.979844
384.553966 845.479194
395.000000 887.000000
416.000000 921.000000
438.000000 954.000000
461.000000 987.000000
484.000000 1021.000000
510.000000 1052.000000
544.000000 1076.000000
587.000000 1090.000000
636.000000 1090.000000
680.000000 1076.000000
717.000000 1053.000000
751.000000 1025.000000
782.000000 996.000000
810.000000 964.000000
835.000000 931.000000
858.000000 895.000000
877.000000 857.000000
893.000000 816.000000
907.000000 776.000000
918.000000 735.000000
928.000000 694.000000
935.000000 653.000000
939.000000 610.000000
941.000000 567.000000
338.000000 526.000000
378.000000 504.000000
426.000000 506.000000
474.000000 521.000000
516.000000 544.000000
509.000000 565.000000
466.000000 546.000000
421.000000 536.000000
378.000000 531.000000
630.000000 545.000000
681.000000 530.000000
737.000000 524.000000
794.000000 532.000000
842.000000 563.000000
790.000000 560.000000
738.000000 557.000000
685.000000 559.000000
633.000000 568.000000
577.000000 593.000000
573.000000 671.000000
567.000000 750.000000
562.000000 828.000000
531.000000 608.000000
505.000000 752.000000
480.000000 804.000000
499.000000 837.000000
528.000000 851.000000
566.000000 871.000000
610.000000 854.000000
645.000000 842.000000
673.000000 810.000000
649.000000 756.000000
627.000000 613.000000
378.000000 573.000000
408.000000 558.000000
442.000000 556.000000
475.000000 569.000000
499.000000 595.000000
467.000000 596.000000
434.000000 595.000000
403.000000 587.000000
439.000000 572.000000
662.000000 605.000000
692.000000 581.000000
728.000000 572.000000
765.000000 578.000000
795.000000 597.000000
766.000000 610.000000
731.000000 615.000000
696.000000 611.000000
735.000000 589.000000
475.000000 918.000000
514.000000 922.000000
553.000000 923.000000
576.000000 930.000000
601.000000 926.000000
650.000000 931.000000
703.000000 935.000000
670.851837 967.459769
628.000000 985.000000
577.000000 991.000000
532.000000 977.000000
501.472042 948.177503
490.000000 923.000000
524.000000 938.000000
577.000000 948.000000
639.000000 945.000000
684.000000 937.000000
640.000000 950.000000
577.000000 955.000000
524.000000 942.000000
439.000000 572.000000
735.000000 589.000000
