106
95.000000 237.000000
95.871673 246.489358
101.455137 256.806242
103.821847 266.273082
108.081925 277.633290
114.235371 286.153446
120.862159 295.620286
127.112245 303.763741
134.685717 312.283897
143.000000 321.000000
150.000000 328.000000
158.000000 336.000000
166.000000 343.000000
174.000000 351.000000
183.000000 358.000000
192.000000 364.000000
205.000000 366.000000
219.000000 364.000000
231.000000 358.000000
241.000000 349.000000
250.000000 339.000000
258.000000 329.000000
265.000000 319.000000
271.000000 307.000000
276.000000 295.000000
279.000000 283.000000
281.000000 271.000000
282.000000 258.000000
282.000000 245.000000
281.000000 233.000000
279.000000 220.000000
276.000000 208.000000
272.000000 195.000000
89.000000 227.000000
98.000000 223.000000
108.000000 223.000000
119.000000 224.000000
130.000000 226.000000
129.000000 231.000000
119.000000 230.000000
108.000000 230.000000
98.000000 229.000000
159.000000 216.000000
171.000000 207.000000
186.000000 201.000000
202.000000 197.000000
220.000000 199.000000
204.000000 204.000000
190.000000 209.000000
176.000000 215.000000
162.000000 222.000000
153.000000 235.000000
154.000000 253.000000
155.000000 272.000000
156.000000 290.000000
143.000000 243.000000
145.000000 281.000000
144.000000 297.000000
151.000000 302.000000
158.000000 303.000000
167.000000 304.000000
177.000000 299.000000
186.000000 295.000000
194.000000 288.000000
184.000000 273.000000
171.000000 237.000000
107.000000 243.000000
113.000000 238.000000
121.000000 236.000000
130.000000 237.000000
138.000000 242.000000
130.000000 245.000000
122.000000 247.000000
113.000000 246.000000
121.000000 241.000000
181.000000 233.000000
186.000000 225.000000
196.000000 220.000000
207.000000 219.000000
217.000000 221.000000
210.000000 228.000000
201.000000 233.000000
190.000000 234.000000
196.000000 225.000000
162.000000 329.000000
166.000000 326.000000
172.000000 324.000000
178.000000 324.000000
184.000000 321.000000
199.533572 319.857369
217.000000 316.000000
209.000000 327.000000
199.000000 336.000000
186.000000 341.000000
175.000000 340.000000
168.000000 335.000000
165.000000 329.000000
171.000000 330.000000
181.000000 330.000000
198.000000 324.000000
212.000000 318.000000
199.000000 325.000000
182.000000 330.000000
171.000000 330.000000
121.000000 241.000000
196.000000 225.000000
