106
196.000000 294.000000
196.000000 315.000000
197.000000 335.000000
200.000000 355.000000
203.000000 374.000000
208.000000 393.000000
213.000000 413.000000
221.000000 432.000000
232.000000 449.000000
244.000000 465.000000
259.000000 480.000000
275.000000 493.000000
292.000000 505.000000
309.000000 518.000000
327.000000 529.000000
348.000000 537.000000
371.000000 539.000000
393.000000 535.000000
412.000000 527.000000
428.000000 515.000000
443.000000 502.000000
459.000000 491.000000
474.000000 478.000000
489.000000 465.000000
502.000000 451.000000
513.000000 435.000000
522.000000 417.000000
529.000000 400.000000
534.000000 382.000000
539.000000 363.000000
542.000000 344.000000
545.000000 325.000000
546.000000 304.000000
247.000000 289.000000
276.000000 278.000000
307.000000 282.000000
335.000000 290.000000
361.000000 299.000000
358.000000 309.000000
331.000000 302.000000
303.000000 296.000000
276.000000 291.000000
427.000000 304.000000
450.000000 297.000000
474.000000 290.000000
500.000000 285.000000
526.000000 292.000000
501.000000 297.000000
477.000000 303.000000
453.000000 307.000000
429.000000 313.000000
389.000000 320.000000
388.000000 352.000000
387.000000 384.000000
386.000000 416.000000
364.000000 327.000000
351.000000 392.000000
340.000000 415.000000
353.000000 426.000000
368.000000 431.000000
384.000000 437.000000
401.000000 431.000000
415.000000 427.000000
427.000000 417.000000
419.000000 393.000000
413.000000 328.000000
278.000000 318.000000
294.000000 310.000000
313.000000 307.000000
331.000000 313.000000
344.000000 327.000000
328.000000 330.000000
309.000000 331.000000
292.000000 326.000000
313.000000 316.000000
430.000000 329.000000
443.000000 316.000000
461.000000 311.000000
478.000000 314.000000
493.000000 322.000000
480.000000 329.000000
463.000000 333.000000
446.000000 332.000000
461.000000 319.000000
304.000000 446.000000
337.000000 450.000000
364.540962 455.172302
379.000000 455.000000
392.349805 455.172302
414.759097 452.950905
441.000000 446.000000
425.000000 464.000000
406.019175 482.348824
377.000000 486.000000
346.000000 480.000000
323.000000 465.000000
315.000000 449.000000
337.526658 455.172302
377.415794 459.307212
411.000000 457.000000
432.000000 448.000000
410.624187 463.912224
377.253576 467.884915
339.115735 465.501300
313.000000 316.000000
461.000000 319.000000
