106
164.000000 214.000000
163.000000 229.000000
162.000000 243.000000
162.000000 258.000000
163.000000 272.000000
165.000000 287.000000
167.000000 301.000000
171.000000 315.000000
176.000000 329.000000
183.000000 342.000000
192.000000 354.000000
202.000000 365.000000
209.465540 373.640442
222.416125 387.717165
234.803641 396.163199
249.443433 402.356957
269.713914 404.046164
286.042913 401.230819
301.923803 395.715090
314.000000 385.000000
325.000000 376.000000
336.000000 367.000000
346.000000 358.000000
355.000000 347.000000
363.000000 335.000000
370.000000 323.000000
374.000000 309.000000
378.000000 296.000000
382.000000 282.000000
384.000000 269.000000
386.000000 255.000000
388.000000 241.000000
389.000000 227.000000
198.000000 206.000000
211.000000 196.000000
227.000000 194.000000
243.000000 197.000000
257.000000 203.000000
255.000000 211.000000
241.000000 206.000000
226.000000 204.000000
212.000000 205.000000
305.000000 205.000000
321.000000 200.000000
339.000000 199.000000
356.000000 202.000000
369.000000 213.000000
354.000000 210.000000
339.000000 210.000000
322.000000 210.000000
306.000000 213.000000
282.000000 232.000000
282.000000 252.000000
283.000000 272.000000
283.000000 291.000000
264.000000 239.000000
255.000000 282.000000
246.000000 299.000000
257.000000 305.000000
268.000000 307.000000
280.000000 311.000000
292.000000 308.000000
302.000000 307.000000
313.000000 301.000000
306.000000 283.000000
298.000000 241.000000
209.000000 227.000000
219.000000 220.000000
232.000000 219.000000
246.000000 224.000000
254.000000 236.000000
242.000000 238.000000
229.000000 238.000000
217.000000 234.000000
230.000000 227.000000
310.000000 239.000000
320.000000 229.000000
334.000000 226.000000
347.000000 228.000000
356.000000 236.000000
347.000000 243.000000
335.000000 245.000000
322.000000 243.000000
334.000000 234.000000
232.000000 335.000000
249.000000 333.000000
266.000000 331.000000
276.000000 334.000000
287.000000 331.000000
302.000000 336.000000
318.000000 339.000000
306.000000 350.000000
293.000000 357.000000
275.000000 360.000000
257.000000 355.000000
243.000000 347.000000
238.000000 336.000000
254.000000 340.000000
276.000000 343.000000
296.000000 342.000000
312.000000 340.000000
297.000000 343.000000
276.000000 344.000000
254.000000 341.000000
230.000000 227.000000
334.000000 234.000000
