106
127 177
126 187
125 198
124 208
124 219
125 230
126 241
129 251
132 262
137 272
143 281
150 289
158 297
165 305
172 313
182 319
194 322
209 321
223 317
236 311
248 304
260 297
271 289
281 280
290 270
296 258
300 245
302 232
302 219
302 206
301 193
299 180
297 167
130 168
138 159
150 158
163 162
173 167
172 172
161 167
150 164
139 164
198 160
211 152
229 149
247 153
261 165
245 157
230 155
215 159
201 166
187 180
185 195
183 210
181 225
177 187
169 216
162 229
168 234
176 237
185 240
196 236
207 234
217 228
208 214
202 185
142 185
148 180
156 178
164 180
171 186
164 187
155 188
148 187
159 182
211 184
218 177
227 174
237 175
245 180
237 182
228 184
219 184
230 178
160 255
168 250
180 248
188 250
197 248
219 248
241 250
228 265
213 276
192 281
176 277
166 267
164 256
173 255
189 256
214 253
233 252
217 264
191 269
173 265
159 182
230 178
