106
175 261
176 279
177 298
179 316
183 334
186 351
191 370
196 388
203 405
213 420
225 434
239 446
254 457
271 467
289 474
308 479
330 479
350 473
366 464
379 451
391 437
401 423
410 408
417 392
422 375
425 358
426 340
426 322
426 305
425 288
424 270
422 253
418 236
198 255
212 237
235 231
259 232
281 239
280 249
258 245
236 243
216 245
332 236
351 225
372 218
393 219
408 234
391 227
374 229
355 236
335 245
308 259
311 283
315 306
318 330
289 269
287 314
280 334
291 343
304 345
319 349
331 342
342 337
349 327
339 309
327 265
220 271
230 262
244 257
259 260
271 269
258 272
245 274
232 274
244 265
341 262
352 251
365 246
379 248
390 255
380 259
367 261
354 262
366 253
252 377
277 369
304 364
318 365
331 361
357 359
380 362
370 388
353 408
323 418
291 416
269 400
262 379
285 374
319 373
350 366
371 365
356 389
322 403
283 399
244 265
366 253
