106
148.000000 229.000000
147.000000 242.000000
145.000000 254.000000
144.000000 266.000000
144.000000 279.000000
144.000000 291.000000
145.000000 304.000000
146.000000 317.000000
150.000000 329.000000
154.000000 341.000000
161.000000 351.000000
170.000000 360.000000
179.000000 369.000000
189.000000 377.000000
201.000000 383.000000
214.000000 388.000000
228.000000 390.000000
242.000000 388.000000
253.000000 383.000000
263.000000 376.000000
272.000000 368.000000
281.000000 360.000000
288.000000 351.000000
295.000000 341.000000
299.000000 330.000000
303.000000 319.000000
305.000000 307.000000
306.000000 295.000000
308.000000 283.000000
309.000000 272.000000
309.000000 260.000000
309.000000 249.000000
308.000000 237.000000
167.000000 222.000000
178.000000 214.000000
191.000000 214.000000
205.000000 217.000000
216.000000 223.000000
215.000000 229.000000
203.000000 225.000000
191.000000 222.000000
179.000000 221.000000
249.000000 224.000000
261.000000 218.000000
275.000000 215.000000
288.000000 217.000000
297.000000 226.000000
287.000000 224.000000
275.000000 224.000000
263.000000 226.000000
250.000000 230.000000
233.000000 236.000000
234.000000 250.000000
234.000000 263.000000
235.000000 276.000000
219.000000 242.000000
213.000000 267.000000
205.000000 281.000000
214.000000 286.000000
224.000000 288.000000
234.000000 291.000000
244.000000 288.000000
252.000000 286.000000
259.000000 281.000000
253.000000 267.000000
246.000000 243.000000
178.000000 242.000000
185.000000 237.000000
194.000000 236.000000
203.000000 238.000000
211.000000 244.000000
202.000000 245.000000
193.000000 246.000000
185.000000 245.000000
193.000000 240.000000
251.000000 244.000000
259.000000 238.000000
268.000000 236.000000
277.000000 239.000000
283.000000 244.000000
276.000000 247.000000
268.000000 248.000000
259.000000 247.000000
267.000000 241.000000
188.000000 320.000000
205.000000 316.000000
223.000000 314.000000
233.000000 317.000000
242.000000 315.000000
257.000000 317.000000
269.000000 321.000000
261.000000 333.000000
249.000000 342.000000
231.000000 345.000000
212.000000 341.000000
199.000000 332.000000
195.000000 321.000000
211.000000 322.000000
232.000000 324.000000
251.000000 322.000000
263.000000 322.000000
252.000000 328.000000
232.000000 331.000000
210.000000 327.000000
193.000000 240.000000
267.000000 241.000000
