106
309 357
305 385
302 414
299 443
298 472
299 501
303 531
309 560
321 587
337 612
357 634
385 652
406 666
433 680
463 691
492 695
525 698
553 698
576 693
594 676
612 661
631 640
646 622
660 603
671 581
680 558
688 530
692 506
693 479
692 454
689 429
685 406
680 382
377 367
403 345
436 338
471 342
498 356
494 371
466 362
436 359
406 362
577 366
602 357
629 353
655 360
670 381
650 376
628 373
603 374
578 379
538 384
542 417
545 451
549 485
508 394
496 460
481 487
500 502
521 508
544 517
565 509
582 503
597 491
582 462
564 398
410 385
427 379
445 378
459 383
470 391
461 393
443 394
425 391
441 384
583 397
593 389
610 385
627 388
636 394
627 401
611 404
594 402
610 394
416 535
466 538
510 541
529 546
548 543
583 542
614 543
588 573
559 589
521 594
478 585
447 565
437 542
478 544
527 555
572 551
599 553
571 572
521 575
470 562
441 384
610 394