106
240.000000 354.000000
239.000000 378.000000
239.000000 402.000000
239.000000 426.000000
241.000000 451.000000
244.000000 475.000000
248.000000 499.000000
254.000000 524.000000
262.000000 547.000000
272.000000 569.000000
285.000000 590.000000
301.000000 609.000000
317.000000 627.000000
335.000000 645.000000
354.000000 661.000000
377.000000 673.000000
406.000000 677.000000
437.000000 673.000000
465.000000 663.000000
491.000000 649.000000
513.000000 632.000000
535.000000 614.000000
554.000000 593.000000
569.000000 571.000000
582.000000 546.000000
590.000000 520.000000
594.000000 492.000000
595.000000 464.000000
595.000000 436.000000
593.000000 409.000000
591.000000 382.000000
587.000000 355.000000
581.000000 328.000000
246.000000 336.000000
263.000000 315.000000
291.000000 309.000000
320.000000 316.000000
344.000000 330.000000
341.000000 342.000000
315.000000 331.000000
290.000000 323.000000
267.000000 325.000000
427.000000 317.000000
454.000000 299.000000
488.000000 289.000000
522.000000 292.000000
550.000000 313.000000
519.000000 301.000000
490.000000 301.000000
461.000000 313.000000
433.000000 328.000000
384.000000 356.000000
382.000000 389.000000
379.000000 422.000000
376.000000 454.000000
362.000000 370.000000
351.000000 436.000000
340.000000 464.000000
352.000000 475.000000
367.000000 479.000000
385.000000 484.000000
406.000000 476.000000
425.000000 471.000000
443.000000 457.000000
427.000000 430.000000
414.000000 367.000000
275.000000 371.000000
290.000000 359.000000
310.000000 353.000000
331.000000 358.000000
347.000000 370.000000
329.000000 373.000000
310.000000 375.000000
292.000000 375.000000
315.000000 364.000000
441.000000 365.000000
456.000000 349.000000
477.000000 342.000000
499.000000 345.000000
516.000000 356.000000
500.000000 362.000000
481.000000 366.000000
460.000000 366.000000
482.000000 353.000000
313.000000 526.000000
336.000000 514.000000
368.000000 510.000000
388.000000 513.000000
408.000000 509.000000
455.000000 509.000000
500.000000 516.000000
476.000000 552.000000
443.000000 578.000000
397.000000 589.000000
355.000000 581.000000
330.000000 557.000000
325.000000 528.000000
349.000000 523.000000
390.000000 526.000000
444.000000 519.000000
484.000000 521.000000
456.150845 555.529259
394.428999 569.271651
348.000000 554.000000
315.000000 364.000000
482.000000 353.000000
