106
239.000000 315.000000
233.000000 336.000000
227.000000 356.000000
221.000000 377.000000
216.000000 399.000000
213.000000 420.000000
213.000000 443.000000
215.000000 465.000000
219.000000 487.000000
225.000000 508.000000
233.000000 529.000000
243.000000 549.000000
254.000000 567.000000
265.000000 587.000000
279.000000 606.000000
296.000000 621.000000
320.000000 630.000000
349.000000 634.000000
377.000000 631.000000
404.000000 624.000000
430.000000 615.000000
456.000000 605.000000
480.000000 593.000000
501.000000 579.000000
521.000000 561.000000
537.000000 541.000000
549.000000 518.000000
558.000000 494.000000
566.000000 470.000000
572.000000 445.000000
576.000000 421.000000
580.000000 396.000000
582.000000 370.000000
258.000000 305.000000
279.000000 291.000000
304.000000 290.000000
329.000000 297.000000
348.000000 310.000000
344.000000 322.000000
323.000000 313.000000
301.000000 308.000000
279.000000 305.000000
415.000000 317.000000
447.000000 310.000000
483.000000 311.000000
516.000000 324.000000
534.000000 354.000000
509.000000 340.000000
480.000000 333.000000
447.000000 331.000000
415.000000 334.000000
376.000000 351.000000
368.000000 378.000000
360.000000 406.000000
352.000000 433.000000
347.000000 357.000000
320.000000 407.000000
302.000000 429.000000
315.000000 443.000000
331.000000 450.000000
350.000000 460.000000
373.000000 457.000000
395.000000 457.000000
416.000000 448.000000
406.000000 421.000000
404.000000 366.000000
272.000000 339.000000
287.000000 332.000000
305.000000 332.000000
320.000000 339.000000
330.000000 352.000000
316.000000 349.000000
301.000000 346.000000
286.000000 343.000000
307.000000 340.000000
427.000000 365.000000
443.000000 354.000000
462.000000 352.000000
480.000000 358.000000
494.000000 370.000000
478.000000 369.000000
461.000000 368.000000
444.000000 366.000000
459.000000 359.000000
280.000000 483.000000
301.000000 472.000000
328.352406 469.844603
345.968791 477.262029
363.585176 477.262029
402.000000 491.000000
436.000000 512.000000
409.000000 539.000000
372.119078 551.625580
332.061118 554.217815
302.391417 537.528609
285.000000 515.000000
289.000000 487.000000
310.000000 483.000000
344.000000 492.000000
390.000000 498.000000
422.000000 512.000000
389.735463 534.936373
337.000000 533.000000
300.537061 517.130689
307.000000 340.000000
459.000000 359.000000
