106
207 272
205 294
204 315
205 335
206 356
208 376
210 396
214 416
219 436
227 455
237 473
249 489
262 505
278 519
295 532
316 541
340 545
364 544
385 538
403 528
419 515
434 501
448 486
460 469
469 451
477 432
483 413
488 394
493 374
498 355
501 335
503 315
504 294
231 265
255 257
280 260
303 267
326 277
323 286
300 278
277 272
254 267
393 283
415 274
440 269
466 268
488 281
465 279
441 281
418 286
395 292
358 302
357 332
355 362
354 392
335 309
322 367
311 388
322 400
336 406
352 413
368 408
382 404
394 394
385 371
379 311
258 297
274 290
290 289
307 295
320 307
304 307
287 307
272 303
288 297
396 312
410 301
428 297
444 300
458 310
444 314
428 316
412 314
429 305
282 429
308 429
333 429
347 433
362 431
386 436
410 441
391 455
371 464
344 466
318 459
298 446
291 431
314 438
346 444
378 444
400 442
378 447
346 448
313 441
288 297
429 305
